9 91 0
10 91 0
11 91 0
12 91 0
13 91 0
9 92 1
10 92 0
11 92 0
12 92 0
13 92 0
9 93 1
10 93 1
11 93 0
12 93 0
13 93 0
9 94 1
10 94 1
11 94 1
12 94 0
13 94 0
9 95 1
10 95 1
11 95 1
12 95 1
13 95 0
9 96 1
10 96 1
11 96 1
12 96 1
13 96 1
9 97 1
10 97 1
11 97 1
12 97 1
13 97 1
9 98 1
10 98 1
11 98 1
12 98 1
13 98 1
9 99 2
10 99 1
11 99 1
12 99 1
13 99 1
9 100 2
10 100 1
11 100 1
12 100 1
13 100 1
9 101 2
10 101 1
11 101 1
12 101 1
13 101 1
9 102 2
10 102 2
11 102 1
12 102 1
13 102 1
9 103 2
10 103 2
11 103 1
12 103 1
13 103 1
9 104 2
10 104 2
11 104 1
12 104 1
13 104 1
9 105 2
10 105 2
11 105 2
12 105 1
13 105 1
9 106 2
10 106 2
11 106 2
12 106 1
13 106 1
9 107 2
10 107 2
11 107 2
12 107 1
13 107 1
9 108 2
10 108 2
11 108 2
12 108 2
13 108 1
9 109 2
10 109 2
11 109 2
12 109 2
13 109 1
9 110 2
10 110 2
11 110 2
12 110 2
13 110 1
9 111 2
10 111 2
11 111 2
12 111 2
13 111 2
9 112 2
10 112 2
11 112 2
12 112 2
13 112 2
9 113 2
10 113 2
11 113 2
12 113 2
13 113 2
9 114 2
10 114 2
11 114 2
12 114 2
13 114 2
9 115 2
10 115 2
11 115 2
12 115 2
13 115 2
9 116 2
10 116 2
11 116 2
12 116 2
13 116 2
9 117 2
10 117 2
11 117 2
12 117 2
13 117 2
9 118 2
10 118 2
11 118 2
12 118 2
13 118 2
9 119 2
10 119 2
11 119 2
12 119 2
13 119 2
9 120 3
10 120 2
11 120 2
12 120 2
13 120 2
9 121 3
10 121 2
11 121 2
12 121 2
13 121 2
9 122 3
10 122 2
11 122 2
12 122 2
13 122 2
9 123 3
10 123 2
11 123 2
12 123 2
13 123 2
9 124 3
10 124 2
11 124 2
12 124 2
13 124 2
9 125 3
10 125 2
11 125 2
12 125 2
13 125 2
9 126 3
10 126 2
11 126 2
12 126 2
13 126 2
9 127 3
10 127 2
11 127 2
12 127 2
13 127 2
9 128 3
10 128 2
11 128 2
12 128 2
13 128 2
9 129 3
10 129 3
11 129 2
12 129 2
13 129 2
9 130 3
10 130 3
11 130 2
12 130 2
13 130 2
9 131 3
10 131 3
11 131 2
12 131 2
13 131 2
9 132 3
10 132 3
11 132 2
12 132 2
13 132 2
9 133 3
10 133 3
11 133 2
12 133 2
13 133 2
9 134 3
10 134 3
11 134 2
12 134 2
13 134 2
9 135 3
10 135 3
11 135 2
12 135 2
13 135 2
9 136 3
10 136 3
11 136 2
12 136 2
13 136 2
9 137 3
10 137 3
11 137 2
12 137 2
13 137 2
9 138 3
10 138 3
11 138 3
12 138 1
13 138 2
9 139 3
10 139 3
11 139 3
12 139 1
13 139 2
9 140 3
10 140 3
11 140 3
12 140 1
13 140 2
9 141 3
10 141 3
11 141 3
12 141 2
13 141 1
9 142 3
10 142 3
11 142 3
12 142 2
13 142 1
9 143 3
10 143 3
11 143 3
12 143 2
13 143 1
9 144 3
10 144 3
11 144 3
12 144 2
13 144 2
9 145 3
10 145 3
11 145 3
12 145 2
13 145 2
9 146 3
10 146 3
11 146 3
12 146 2
13 146 2
9 147 3
10 147 3
11 147 3
12 147 2
13 147 2
9 148 3
10 148 3
11 148 3
12 148 2
13 148 2
9 149 3
10 149 3
11 149 3
12 149 2
13 149 2
9 150 2
10 150 3
11 150 3
12 150 2
13 150 2
9 151 2
10 151 3
11 151 3
12 151 2
13 151 2
9 152 2
10 152 3
11 152 3
12 152 2
13 152 2
9 153 2
10 153 3
11 153 3
12 153 2
13 153 2
9 154 2
10 154 3
11 154 3
12 154 2
13 154 2
9 155 2
10 155 3
11 155 3
12 155 2
13 155 2
9 156 2
10 156 3
11 156 3
12 156 2
13 156 2
9 157 2
10 157 3
11 157 3
12 157 2
13 157 2
9 158 2
10 158 3
11 158 3
12 158 2
13 158 2
9 159 3
10 159 2
11 159 3
12 159 2
13 159 2
9 160 3
10 160 2
11 160 3
12 160 2
13 160 2
9 161 3
10 161 2
11 161 3
12 161 2
13 161 2
9 162 3
10 162 2
11 162 3
12 162 2
13 162 2
9 163 3
10 163 2
11 163 3
12 163 2
13 163 2
9 164 3
10 164 2
11 164 3
12 164 2
13 164 2
9 165 3
10 165 2
11 165 3
12 165 2
13 165 2
9 166 3
10 166 2
11 166 3
12 166 2
13 166 2
9 167 3
10 167 2
11 167 3
12 167 2
13 167 2
9 168 3
10 168 3
11 168 2
12 168 2
13 168 2
9 169 3
10 169 3
11 169 2
12 169 2
13 169 2
9 170 3
10 170 3
11 170 2
12 170 2
13 170 2
9 171 3
10 171 3
11 171 2
12 171 2
13 171 2
9 172 3
10 172 3
11 172 2
12 172 2
13 172 2
9 173 3
10 173 3
11 173 2
12 173 2
13 173 2
9 174 3
10 174 3
11 174 2
12 174 2
13 174 1
9 175 3
10 175 3
11 175 2
12 175 2
13 175 1
9 176 3
10 176 3
11 176 2
12 176 2
13 176 1
9 177 3
10 177 3
11 177 2
12 177 2
13 177 2
9 178 3
10 178 3
11 178 2
12 178 2
13 178 2
9 179 3
10 179 3
11 179 2
12 179 2
13 179 2
9 180 3
10 180 3
11 180 3
12 180 1
13 180 2
9 181 3
10 181 3
11 181 3
12 181 1
13 181 2
9 182 3
10 182 3
11 182 3
12 182 1
13 182 2
9 183 3
10 183 3
11 183 3
12 183 2
13 183 2
9 184 3
10 184 3
11 184 3
12 184 2
13 184 2
9 185 3
10 185 3
11 185 3
12 185 2
13 185 2
9 186 3
10 186 3
11 186 3
12 186 2
13 186 2
9 187 3
10 187 3
11 187 3
12 187 2
13 187 2
9 188 3
10 188 3
11 188 3
12 188 2
13 188 2
9 189 2
10 189 3
11 189 3
12 189 2
13 189 2
9 190 2
10 190 3
11 190 3
12 190 2
13 190 2
9 191 2
10 191 3
11 191 3
12 191 2
13 191 2
9 192 2
10 192 3
11 192 3
12 192 2
13 192 2
9 193 2
10 193 3
11 193 3
12 193 2
13 193 2
9 194 2
10 194 3
11 194 3
12 194 2
13 194 2
9 195 2
10 195 3
11 195 3
12 195 2
13 195 2
9 196 2
10 196 3
11 196 3
12 196 2
13 196 2
10 197 3
11 197 3
12 197 2
13 197 2
10 198 2
11 198 3
12 198 2
13 198 2
10 199 2
11 199 3
12 199 2
13 199 2
10 200 2
11 200 3
12 200 2
13 200 2
10 201 2
11 201 3
12 201 2
13 201 2
10 202 2
11 202 3
12 202 2
13 202 2
10 203 2
11 203 3
12 203 2
13 203 2
10 204 2
11 204 3
12 204 2
13 204 2
11 205 3
12 205 2
13 205 2
11 206 3
12 206 2
13 206 2
11 207 3
12 207 3
13 207 1
11 208 3
12 208 3
13 208 1
11 209 3
12 209 3
13 209 1
11 210 2
12 210 3
13 210 2
11 211 2
12 211 3
13 211 2
11 212 2
12 212 3
13 212 2
11 213 2
12 213 3
13 213 2
11 214 2
12 214 3
13 214 2
11 215 2
12 215 3
13 215 2
11 216 2
12 216 3
13 216 2
12 217 3
13 217 2
12 218 3
13 218 2
12 219 3
13 219 2
12 220 3
13 220 2
12 221 3
13 221 2
12 222 3
13 222 2
12 223 3
13 223 2
12 224 3
13 224 2
12 225 3
13 225 2
12 226 3
13 226 3
12 227 3
13 227 3
12 228 3
13 228 3
12 229 3
13 229 3
12 230 3
13 230 3
12 231 3
13 231 3
13 232 3
13 233 3
13 234 3
13 235 3
13 236 3
13 237 3
13 238 3
13 239 3
13 240 3